10011009003
10011009004
10011009005
10011009006
10011009007
10011009008
10011009009
10070024002
10070024003
10070024006
10070024007
10070024008
10070025009
10070026004
10070050049
10070050052
10070050053
10070050054
10070050055
10070050056
10070050057
10070050058
10070050060
10070050065
10070050067
10070050068
10070050069
10070050070
10070050071
10070050072
10070050085
10080010032
70020018995
70020018996
70020018997
70020018998
70020019109
70020019110
70020019111
70020019112
70020019113
70020019114
70020019115
70020019116
70020019117
70020019118
70020019119
70020019120
70020019121
70020019130
70020019131
70020019132
70020019133
70020019134
70020019135
70020019136
70020019137
70020019138
70020020171
70020020172
70020020173
70020020174
70020020175
70020020176
70020020177
70020020178
70020020179
70020020180
70020020181
70020020182
70020020183
70020020184
70020020185
70020020220
70020020221
70020020222
70020020223
70020020224
70020020225
70020020226
70020020227
70020020228
70020020229
70020020230
70020020231
70020020232
70020020233
70020020234
70020020235
70020020236
70020020237
70020020238
70020020239
70020020240
70020020241
70020020242
70020020244
70020020245
70020020246
70020020247
70020020248
70020020249
70020020250
70020020251
70020020252
70020020253
70020020254
70020020255
70020020256
70020020257
70020020258
70020020259
70020020260
70020020261
70020020262
70020020263
70020020264
70020020265
70020020266
70020020267
70020020273
70020020287
70020020288
70020020298
70020020391
70020020392
70020020393
70020020394
70020020395
70020020396
70020020397
70020020398
70020020399
70020020400
70020020401
70020020402
70020020403
70020020404
70020020408
70020020409
70020020410
70020020423
70030020196
70030020427
70030020429
70030020430
70030020431
70030020432
70030020433
70030020434
70030020435
70030020436
70030020437
70030020438
70030020441
70030020442
70030020443
70030020444
70030020445
70030020446
70030020447
70030020448
70030020449
70030020450
70030020451
70030020452
70030020453
70030020454
70030020455
70030020456
70030020457
70030020458
70030020459
70030020460
70030020461
70030020462
70030020463
70030020464
70030020465
70030020466
70030020467
70030020468
70030020469
70030020470
70030020471
70030020472
70030020474
70030020475
70030020476
70030020477
70030020478
70030020479
70030020480
70030020481
70030020482
70030020483
70030020484
70030020485
70030020489
70030020491
70030020493
70030020494
70030020495
70030020497
70030020498
70030020499
70030020500
70030020501
70030020502
70030020510
70030020511
70030020512
70030020513
70030020516
70030020517
70030020518
70030020525
70030020543
70030020547
70030020549
70030020554
70030020555
70030020556
70030020561
70030020562
70030020563
70030020564
70030020565
70030020566
70030020569
70030020570
70030020571
70030020572
70030020573
70030020575
70030020576
70030020577
70030020578
70030020579
70030020580
70030020581
70030020582
70030020583
70030020584
70030020585
70030020586
70030020587
70030020588
70030020589
70030020590
70030020591
70030020592
70030020593
70030020594
70030020598
70030020599
70030020600
70030020601
70030020602
70030020603
70030020604
70030020605
70030020606
70030020608
70030020609
70030020610
70030020611
70030020612
70030020613
70030020614
70030020615
70030020616
70030020617
70030020618
70030020619
70030020620
70030020621
70030020622
70030020623
70030020627
70030020628
70030020644
70030020645
70030020646
70030020647
70030020648
70030020649
70030020650
70030020651
70030020652
70030020653
70030020654
70030020655
70030020656
70030020657
70030020658
70030020659
70030020660
70030020661
70030020662
70030020664
70030020665
70030020666
70030020667
70030020668
70030020669
70030020670
70030020671
70030020672
70030020674
70030020675
70030020676
70030020677
70030020678
70030020679
70030020680
70030020681
70030020682
70030020683
70030020684
70030020685
70030020687
70030020688
70030020689
70030020690
70030020691
70030020692
70030020693
70030020694
70030020695
70030020696
70030020697
70030020698
70030020699
70030020700
70030020701
70030020702
70030020703
70030020704
70030020705
70030020706
70030020708
70030020709
70030020710
70030020711
70030020712
70030020713
70030020714
70030020715
70030020716
70030020717
70030020718
70030020719
70030020720
70030020723
70030020724
70030020725
70030020726
70030020727
70030020728
70030020729
70030020731
70030020733
70030020734
70030020735
70030020737
70030020739
70030020741
70030020742
70030020743
70030020744
70030020761
70030020762
70030020766
70030020773
70030020777
70030020778
70030020781
70030020782
70030020785
70030020786
70030020787
70030020788
70030020789
70030020790
70030020791
70030020792
70030020793
70030020794
70030020797
70030020798
70030020800
70030020801
70030020802
70030020803
70030020805
70030020806
70030020808
70030020809
70030020810
70030020811
70030020812
70030020813
70030020814
70030020815
70030020816
70030020817
70030020818
70030020819
70030020820
70030020821
70030020822
70030020823
70030020824
70030020825
70030020826
70030020827
70030020828
70030020829
70030020831
70030020832
70030020834
70030020835
70030020836
70030020837
70030020838
70030020839
70030020840
70030020841
70030020842
70030020843
70030020844
70030020845
70030020846
70030020847
70030020848
70030020849
70030020850
70030020851
70030020852
70030020853
70030020854
70030020855
70030020856
70030020857
70030020859
70030020860
70030020861
70030020862
70030020864
70030020865
70030020866
70030020867
70030020868
70030020869
70030020870
70030020871
70030020872
70030020873
70030020875
70030020876
70030020878
70030020879
70030020880
70030020881
70030020882
70030020883
70030020888
70030020889
70030020890
70030020891
70030020892
70030020922
70030020944
70030020957
70030020958
70030020959
70030020968
70030020969
70030020970
70030020971
70030020973
70030020974
70030020975
70030020976
70030020977
70030020978
70030020979
70030020980
70030020981
70030020982
70030020983
70030020984
70030020985
70030020986
70030020989
70030020990
70030020991
70030020992
70030020993
70030020994
70030020995
70030020996
70030020997
70030020998
70030020999
70030021000
70030021001
70030021002
70030021005
70030021007
70030021008
70030021009
70030021016
70030021017
70030021023
70030021026
70030021027
70030021028
70030021029
70030021030
70030021031
70030021032
70030021033
70030021034
70030021035
70030021036
70030021037
70030021038
70030021039
70030021040
70030021041
70030021042
70030021043
70030021044
70030021045
70030021046
70030021047
70030021048
70030021049
70030021050
70030021051
70030021052
70030021053
70030021054
70030021055
70030021056
70030021057
70030021059
70030021060
70030021061
70030021062
70030021063
70030021064
70030021065
70030021066
70030021067
70030021068
70030021069
70030021070
70030021071
70030021072
70030021073
70030021074
70030021075
70030021076
70030021077
70030021078
70030021079
70030021080
70030021081
70030021082
70030021083
70030021084
70030021085
70030021086
70030021087
70030021088
70030021089
70030021090
70030021091
70030021092
70030021093
70030021094
70030021095
70030021096
70030021098
70030021099
70030021100
70030021101
70030021102
70030021103
70030021104
70030021105
70030021106
70030021108
70030021109
70030021110
70030021111
70030021112
70030021113
70030021114
70030021115
70030021117
70030021119
70030021120
70030021121
70030021122
70030021123
70030021124
70030021125
70030021126
70030021127
70030021128
70030021129
70030021130
70030021131
70030021132
70030021133
70030021134
70030021135
70030021136
70030021137
70030021138
70030021139
70030021140
70030021141
70030021142
70030021143
70030021144
70030021145
70030021147
70030021148
70030021149
70030021150
70030021151
70030021152
70030021153
70030021154
70030021155
70030021156
70030021157
70030021158
70030021159
70030021160
70030021161
70030021162
70030021163
70030021164
70030021165
70030021166
70030021167
70030021168
70030021169
70030021170
70030021171
70030021172
70030021173
70030021174
70030021175
70030021176
70030021177
70030021178
70030021179
70030021180
70030021181
70030021182
70030021183
70030021184
70030021185
70030021186
70030021187
70030021188
70030021189
70030021190
70030021191
70030021192
70030021193
70030021194
70030021195
70030021196
70030021197
70030021199
70030021200
70030021201
70030021202
70030021203
70030021204
70030021205
70030021206
70030021208
70030021209
70030021210
70030021211
70030021212
70030021213
70030021214
70030021215
70030021216
70030021217
70030021218
70030021219
70030021220
70030021221
70030021222
70030021223
70030021224
70030021225
70030021226
70030021227
70030021228
70030021229
70030021230
70030021231
70030021232
70030021233
70030021234
70030021235
70030021236
70030021237
70030021238
70030021239
70030021240
70030021241
70030021242
70030021243
70030021245
70030021246
70030021247
70030021248
70030021249
70030021250
70030021251
70030021252
70030021253
70030021254
70030021255
70030021256
70030021257
70030021258
70030021259
70030021260
70030021261
70030021262
70030021264
70030021265
70030021266
70030021267
70030021268
70030021269
70030021270
70030021271
70030021272
70030021273
70030021274
70030021275
70030021276
70030021277
70030021278
70030021279
70030021280
70030021281
70030021282
70030021283
70030021284
70030021285
70030021286
70030021287
70030021288
70030021289
70030021290
70030021291
70030021292
70030021293
70030021295
70030021296
70030021297
70030021298
70030021299
70030021300
70030021301
70030021302
70030021303
70030021304
70030021305
70030021306
70030021307
70030021308
70030021309
70030021310
70030021311
70030021312
70030021315
70030021316
70030021317
70030021318
70030021319
70030021320
70030021321
70030021322
70030021323
70030021324
70030021325
70030021326
70030021327
70030021328
70030021329
70030021330
70030021331
70030021332
70030021333
70030021334
70030021335
70030021336
70030021337
70030021339
70030021340
70030021341
70030021342
70030021343
70030021344
70030021345
70030021346
70030021347
70030021348
70030021349
70030021350
70030021351
70030021352
70030021353
70030021354
70030021355
70030021356
70030021357
70030021358
70030021359
70030021360
70030021361
70030021362
70030021363
70030021364
70030021365
70030021366
70030021367
70030021369
70030021370
70030021371
70030021372
70030021373
70030021374
70030021375
70030021376
70030021377
70030021378
70030021379
70030021380
70030021381
70030021382
70030021384
70030021385
70030021386
70030021387
70030021388
70030021389
70030021390
70030021391
70030021392
70030021393
70030021394
70030021395
70030021396
70030021397
70030021398
70030021399
70030021400
70030021404
70030021405
70030021406
70030021407
70030021408
70030021409
70030021410
70030021411
70030021412
70030021413
70030021414
70030021415
70030021416
70030021417
70030021418
70030021419
70030021420
70030021421
70030021422
70030021423
70030021424
70030021425
70030021426
70030021427
70030021429
70030021430
70030021431
70030021434
70030021435
70030021436
70030021437
70030021438
70030021439
70030021440
70030021441
70030021442
70030021443
70030021444
70030021445
70030021446
70030021447
70030021448
70030021449
70030021450
70030021451
70030021452
70030021453
70030021454
70030021455
70030021456
70030021457
70030021458
70030021459
70030021460
70030021462
70030021463
70030021464
70030021465
70030021466
70030021467
70030021468
70030021469
70030021470
70030021471
70030021472
70030021473
70030021474
70030021475
70030021476
70030021477
70030021478
70030021479
70030021480
70030021481
70030021482
70030021483
70030021484
70030021485
70030021486
70030021487
70030021488
70030021489
70030021490
70030021491
70030021492
70030021493
70030021494
70030021495
70030021496
70030021497
70030021498
70030021499
70030021500
70030021502
70030021503
70030021504
70030021505
70030021506
70030021507
70030021508
70030021509
70030021510
70030021511
70030021512
70030021513
70030021514
70030021515
70030021516
70030021517
70030021518
70030021519
70030021520
70030021521
70030021522
70030021523
70030021524
70030021525
70030021526
70030021527
70030021529
70030021530
70030021531
70030021532
70030021533
70030021534
70030021535
70030021536
70030021538
70030021539
70030021540
70030021541
70030021542
70030021543
70030021544
70030021545
70030021546
70030021547
70030021550
70030021551
70030021552
70030021553
70030021554
70030021555
70030021556
70030021557
70030021558
70030021559
70030021560
70030021561
70030021562
70030021563
70030021564
70030021566
70030021567
70030021568
70030021569
70030021570
70030021572
70030021573
70030021574
70030021575
70030021576
70030021577
70030021578
70030021579
70030021580
70030021581
70030021582
70030021583
70030021584
70030021585
70030021586
70030021587
70030021588
70030021589
70030021590
70030021591
70030021593
70030021594
70030021595
70030021596
70030021597
70030021598
70030021600
70030021602
70030021603
70030021604
70030021605
70030021606
70030021607
70030021608
70030021609
70030021610
70030021612
70030021613
70030021614
70030021615
70030021616
70030021617
70030021618
70030021619
70030021620
70030021621
70030021622
70030021623
70030021624
70030021625
70030021626
70030021627
70030021628
70030021629
70030021630
70030021631
70030021632
70030021633
70030021634
70030021635
70030021636
70030021637
70030021638
70030021639
70030021640
70030021641
70030021642
70030021643
70030021644
70030021645
70030021646
70030021647
70030021648
70030021649
70030021650
70030021651
70030021652
70030021653
70030021654
70030021655
70030021656
70030021657
70030021658
70030021659
70030021660
70030021662
70030021663
70030021664
70030021665
70030021666
70030021667
70030021668
70030021669
70030021670
70030021671
70030021672
70030021673
70030021674
70030021675
70030021676
70030021677
70030021678
70030021679
70030021680
70030021681
70030021682
70030021684
70030021685
70030021686
70030021687
70030021688
70030021689
70030021690
70030021691
70030021692
70030021693
70030021694
70030021695
70030021696
70030021697
70030021698
70030021699
70030021700
70030021701
70030021702
70030021703
70030021704
70030021705
70030021706
70030021707
70030021708
70030021709
70030021710
70030021711
70030021712
70030021713
70030021714
70030021715
70030021716
70030021717
70030021718
70030021719
70030021720
70030021721
70030021722
70030021723
70030021724
70030021725
70030021726
70030021727
70030021728
70030021729
70030021730
70030021731
70030021732
70030021733
70030021734
70030021735
70030021737
70030021738
70030021739
70030021740
70030021741
70030021742
70030021743
70030021744
70030021746
70030021747
70030021748
70030021749
70030021750
70030021752
70030021753
70030021754
70030021755
70030021757
70030021759
70030021760
70030021761
70030021762
70030021764
70030021766
70030021767
70030021768
70030021769
70030021770
70030021771
70030021773
70030021775
70030021776
70030021777
70030021778
70030021779
70030021780
70030021781
70030021782
70030021783
70030021784
70030021785
70030021786
70030021787
70030021788
70030021789
70030021790
70030021791
70030021793
70030021794
70030021795
70030021796
70030021797
70030021798
70030021799
70030021800
70030021801
70030021803
70030021804
70030021805
70030021806
70030021808
70030021809
70030021810
70030021811
70030021812
70030021813
70030021814
70030021815
70030021816
70030021817
70030021818
70030021819
70030021820
70030021821
70030021822
70030021823
70030021824
70030021825
70030021826
70030021827
70030021828
70030021829
70030021831
70030021832
70030021833
70030021834
70030021835
70030021836
70030021837
70030021838
70030021839
70030021840
70030021841
70030021842
70030021843
70030021844
70030021845
70030021846
70030021847
70030021848
70030021849
70030021850
70030021851
70030021852
70030021853
70030021854
70030021855
70030021857
70030021858
70030021859
70030021860
70030021861
70030021862
70030021863
70030021864
70030021865
70030021867
70030021869
70030021870
70030021871
70030021872
70030021873
70030021874
70030021875
70030021876
70030021877
70030021878
70030021879
70030021880
70030021881
70030021882
70030021883
70030021884
70030021885
70030021886
70030021887
70030021888
70030021889
70030021890
70030021891
70030021892
70030021894
70030021895
70030021896
70030021897
70030021898
70030021899
70030021900
70030021901
70030021902
70030021903
70030021904
70030021905
70030021906
70030021907
70030021908
70030021909
70030021910
70030021911
70030021912
70030021913
70030021914
70030021915
70030021916
70030021917
70030021918
70030021919
70030021920
70030021921
70030021922
70030021923
70030021924
70030021925
70030021926
70030021927
70030021928
70030021929
70030021930
70030021931
70030021933
70030021934
70030021935
70030021936
70030021937
70030021938
70030021939
70030021941
70030021943
70030021944
70030021945
70030021946
70030021947
70030021948
70030021949
70030021950
70030021951
70030021952
70030021953
70030021954
70030021955
70030021956
70030021957
70030021958
70030021959
70030021960
70030021961
70030021962
70030021963
70030021964
70030021965
70030021967
70030021968
70030021969
70030021971
70030021972
70030021973
70030021974
70030021976
70030021977
70030021978
70030021979
70030021980
70030021981
70030021982
70030021983
70030021984
70030021985
70030021986
70030021987
70030021988
70030021989
70030021990
70030021991
70030021992
70030021993
70030021995
70030021997
70030021999
70030022000
70030022003
70030022004
70030022005
70030022006
70030022010
70030022011
70030022013
70030022014
70030022015
70030022016
70030022018
70030022020
70030022021
70030022023
70030022035
70030022036
70030022039
70030022041
70030022042
70030022043
70030022044
70030022045
70030022046
70030022047
70030022048
70030022049
70030022050
70030022052
70030022053
70030022055
70030022056
70030022058
70030022059
70030022060
70030022062
70030022064
70030022065
70030022066
70030022067
70030022068
70030022069
70030022070
70030022071
70030022073
70030022074
70030022075
70030022080
70030022082
70030022083
70030022089
70030022096
70030022098
70030023110
70030023112
70030023113
70030023114
70030023115
70030023116
70030023123
70030023128
70030023143
70030023157
70030023158
70030023159
70030023160
70030023161
70030023162
70030023163
70030023164
70030023165
70030023166
70030023167
70030023168
70030023170
70030023171
70030023172
70030023174
70030023175
70030023178
70030023180
70030023187
70030023188
70030023189
70030023190
70030023191
70030023198
70030023201
70030023204
70030023211
70030023212
70030023213
70030023214
70030023215
70030023216
70030023218
70030023219
70030023220
70030023222
70030023223
70030023224
70030023231
70030023232
70030023233
70030023234
70030023235
70030023237
70030023238
70030023239
70030023240
70030023241
70030023249
70030023252
70030023255
70030024229
70030024230
70030024231
70030024232
70030024233
70030024234
70030024235
70030024236
70030024237
70030024238
70030024239
70030024240
70030024241
70030024242
70030024244
70030024245
70030024246
70030024247
70030024248
70030024249
70030024250
70030024251
70030024252
70030024253
70030024258
70030025284
70030025287
70030025312
70030025361
70030025362
70030025365
70030025368
70030025461
70030027622
70030027653
70030028674
70030028675
70030028676
70030028677
70030028678
70030028679
70030028680
70030028681
70030028682
70030028683
70030028684
70030028685
70030028686
70030028687
70030028688
70030028689
70030028690
70030028691
70030028692
70030028693
70030028694
70030028695
70030028696
70030028737
70030028754
70030028755
70030028756
70030028757
70030028758
70030028759
70030028760
70030028761
70030028763
70030028772
70030028806
70030028807
70030028808
70030028810
70030028811
70030028812
70030028813
70030028814
70030028815
70030028816
70030028818
70030028819
70030028820
70030028821
70030028822
70030028823
70030028825
70030028826
70030028837
70030028838
70030028840
70030028843
70030028855
70030028856
70030028857
70030028858
70030028859
70030028860
70030028861
70030028862
70030028863
70030028864
70030028865
70030028866
70030028867
70030028868
70030028869
70030028870
70030028871
70030028872
70030028873
70030028874
70030028875
70030028876
70030028877
70030028878
70030028879
70040020473
70040020486
70040020487
70040020488
70040020490
70040020492
70040020496
70040020503
70040020504
70040020505
70040020506
70040020507
70040020508
70040020509
70040020514
70040020515
70040020519
70040020553
70040020558
70040020559
70040020560
70040020596
70040020597
70040020884
70040020885
70040020886
70040020887
70040020924
70040020925
70040020926
70040020927
70040020928
70040020929
70040020930
70040020931
70040020932
70040020933
70040020934
70040020935
70040020946
70040020947
70040020948
70040020949
70040020950
70040020954
70040020955
70040020956
70040020960
70040020961
70040020962
70040020963
70040020964
70040020965
70040020966
70040020967
70040020987
70040020988
70040021003
70040021004
70040021006
70040021010
70040021011
70040021012
70040021013
70040021014
70040021018
70040021019
70040021020
70040021021
70040021022
70040021024
70040021025
70050020425
70050020426
70050020428
70050020440
70050020520
70050020521
70050020522
70050020523
70050020526
70050020527
70050020528
70050020529
70050020530
70050020531
70050020532
70050020533
70050020534
70050020535
70050020536
70050020537
70050020538
70050020539
70050020540
70050020545
70050020546
70050020557
70050020567
70050020568
70050020574
70050020624
70050020625
70050020626
70050020629
70050020630
70050020631
70050020632
70050020633
70050020634
70050020635
70050020636
70050020637
70050020638
70050020639
70050020640
70050020641
70050020642
70050020643
70050020663
70050020746
70050020747
70050020748
70050020749
70050020750
70050020751
70050020752
70050020753
70050020754
70050020755
70050020756
70050020757
70050020758
70050020759
70050020767
70050020768
70050020769
70050020770
70050020771
70050020776
70050020779
70050020795
70050020796
70050020799
70050020804
70050020807
70050020863
70050020877
70050020894
70050020895
70050020896
70050020897
70050020898
70050020899
70050020900
70050020901
70050020902
70050020903
70050020904
70050020905
70050020906
70050020907
70050020908
70050020909
70050020910
70050020911
70050020912
70050020913
70050020914
70050020915
70050020916
70050020917
70050020918
70050020919
70050020920
70050020921
70050020923
70050020938
70050020939
70050020940
70050020941
70050020942
70050020943
70050020945
70050020951
70050020952
70050020953
70050020972
70050022025
70050022026
70050022027
70050022028
70050022029
70050022030
70050022031
70050022032
70050022033
70050022034
70050022072
70050022116
70050022117
70050022118
70050022119
70050022120
70050022121
70050022122
70050022123
70050022124
70050023134
70050023135
70050023136
70050023137
70050023183
70050023184
70050023185
70050023186
70050023210
70050023228
70050023229
70050023230
70050023253
70050023254
70050023261
70050023262
70050023263
70050023264
70050023265
70050023266
70050023267
70050023268
70050023269
70050024254
70050024255
70050024256
70050024257
70050024259
70050024260
70050024261
70050024262
70050024263
70050024264
70050024265
70050024266
70050024267
70050024269
70050024270
70050024271
70050024272
70050024273
70050024274
70050024275
70050024276
70050024277
70050024278
70050024279
70050024280
70050024281
70050024282
70050024283
70050024284
70050024285
70050024286
70050024289
70050024290
70050024291
70050024292
70050025369
70050025525
70050028805
70050028829
70050028830
70050028831
70050028832
70050028833
100110090010
100110090011
100110090012
100110090013
100110090014
100110090015
100110090016
100110090017
100110090018
100120055004
100120055005
100120055006
100120057009
100700240012
100700240013
100700240014
100700240016
100700240017
100700240021
100700240025
100700240031
100700240033
100700240035
100700240036
100700240037
100700240038
100700240040
100700240041
100700240042
100700240043
100700240044
100700240045
100700240046
100700240073
100700240076
100700240077
100700240079
100700240083
100700240086
100700240097
100700240098
100700240099
100700250020
100700250024
100700250028
100700250029
100700250034
100700250081
100700250084
100700250087
100700250093
100700250094
100700250095
100700250096
100700260051
100700260059
100700260074
100700260075
100700260080
100700260090
100700260092
100700500124
100700500127
100700500129
700200018941
700200018942
700200018943
700200018944
700200018945
700200018946
700200018947
700200018948
700200018949
700200018967
700200018968
700200018969
700200018970
700200018971
700200018972
700200018973
700200018974
700200018975
700200018976
700200018977
700200018978
700200018979
700200018980
700200018981
700200018982
700200018983
700200018984
700200018985
700200018986
700200018999
700200019000
700200019001
700200019002
700200019003
700200019004
700200019005
700200019006
700200019007
700200019008
700200019009
700200019010
700200019011
700200019012
700200019013
700200019014
700200019015
700200019016
700200019017
700200019032
700200019033
700200019034
700200019035
700200019036
700200019037
700200019038
700200019039
700200019040
700200019041
700200019042
700200019043
700200019044
700200019045
700200019046
700200019047
700200019048
700200019049
700200019050
700200019051
700200019052
700200019053
700200019054
700200019055
700200019056
700200019070
700200019071
700200019072
700200019073
700200019074
700200019075
700200019076
700200019077
700200019078
700200019079
700200019080
700200019081
700200019082
700200019083
700200019084
700200019085
700200019086
700200019087
700200019088
700200019089
700200019090
700200019091
700200019092
700200019093
700200019094
700200019123
700200019124
700200020138
700200020140
700200020142
700200020143
700200020145
700200020147
700200020148
700200020149
700200020150
700200020151
700200020152
700200020154
700200020157
700200020158
700200020186
700200020187
700200020188
700200020189
700200020214
700200020243
700200020268
700200020274
700200020275
700200020276
700200020277
700200020278
700200020279
700200020280
700200020281
700200020283
700200020284
700200020285
700200020289
700200020290
700200020291
700200020292
700200020294
700200020295
700200020296
700200020299
700200020300
700200020301
700200020302
700200020303
700200020304
700200020305
700200020322
700200020323
700200020324
700200020325
700200020326
700200020327
700200020330
700200020331
700200020332
700200020333
700200020334
700200020335
700200020336
700200020337
700200020340
700200020341
700200020344
700200020345
700200020346
700200020347
700200020348
700200020349
700200020350
700200020351
700200020353
700200020354
700200020355
700200020356
700200020357
700200020358
700200020361
700200020362
700200020363
700200020364
700200020365
700200020366
700200020367
700200020368
700200020377
700200020381
700200020382
700200020384
700200020416
700200020417
700200020418
700200020419
700200020424
700210018950
700210018951
700210018952
700210018953
700210018954
700210018955
700210018956
700210018987
700210018988
700210018989
700210018990
700210018991
700210019018
700210019019
700210019020
700210019021
700210019022
700210019057
700210019058
700210019059
700210019060
700210019061
700210019062
700210019095
700210019096
700210019097
700210019098
700210019099
700210019100
700210019101
700210019102
700210019125
700210019126
700210019127
700210020144
700210020146
700210020155
700210020156
700210020159
700210020160
700210020161
700210020162
700210020163
700210020164
700210020190
700210020191
700210020192
700210020193
700210020194
700210020215
700210020216
700210020217
700210020269
700210020310
700210020312
700210020313
700210020314
700210020315
700210020342
700210020359
700210020386
700210020387
700210020411
700220018957
700220018958
700220018959
700220018960
700220018961
700220018963
700220018964
700220018965
700220018966
700220018992
700220018993
700220018994
700220019023
700220019024
700220019025
700220019026
700220019027
700220019028
700220019029
700220019030
700220019031
700220019063
700220019064
700220019065
700220019066
700220019067
700220019068
700220019069
700220019103
700220019104
700220019105
700220019106
700220019107
700220019108
700220019128
700220019129
700220020165
700220020167
700220020168
700220020169
700220020170
700220020195
700220020197
700220020218
700220020219
700220020270
700220020272
700220020297
700220020306
700220020307
700220020308
700220020309
700220020316
700220020318
700220020319
700220020320
700220020328
700220020329
700220020338
700220020339
700220020343
700220020360
700220020375
700220020378
700220020379
700220020388
700220020389
700220020407
700220020412
700220020413
700220020414
700220020421
700220020422
700270020370
700270020371
700270020372
700270020373
700270020420
700630020199
700630020200
700630020201
700630020202
700630020203
700630020204
700630020205
700630020206
700630020207
700630020208
700630020209
700630020210
700630020211
700630020212
700630020213
1001200550011
1001200550012
1001200550013
1001200550014
1001200550016
1001200550017
1001200550019
1001200550027
1001200550030
1001200550076
1001200550077
1001200550080
1001200550083
1001200550084
1001200550085
1001200550087
1001200550088
1001200550090
1001200550093
1001200550096
1001200550097
1001200550098
1001200550099
1001200560070
1001200560071
1001200560073
1001200570031
1001200570075
1001200570081
1001200580086
1001200580091
1001200580094
1001200580095
1007002400100
1007002400101
1007002400102
1007002400103
1007002400104
1007002400105
1007002400107
1007002400108
1007002400110
1007002400111
1007002400113
1007002400116
1007002400126
1007002500106
1007002500109
1007002500120
1007002500132
1007002600112
1007002600115
1007002600122
1007002600131
1007003005330
1007003006173
1007003006846
1007003006848
1007003006850
1007003006852
1007005005180
1007005005182
1007005005183
1007005005202
1007005005279
1007005005281
1007005005283
1007005005287
1007005005289
1007005005291
1007005005292
1007005005305
1007005005306
1007005005307
1007005005308
1007005005309
1007005005310
1007005005311
1007005005312
1007005005313
1007005005314
1007005005316
1007005005318
1007005005320
1007005005322
1007005005328
1007005005343
1007005005376
1007005005378
1007005005396
1007005005398
1007005005402
1007005005410
1007005005423
1007005005425
1007005005451
1007005005458
1007005005464
1007005005474
1007005005509
1007005005510
1007005005522
1007005005524
1007005005526
1007005005528
1007005005548
1007005005550
1007005005552
1007005005554
1007005005556
1007005005568
1007005005580
1007005005630
1007005005650
1007005005653
1007005005657
1007005005673
1007005005743
1007005005745
1007005005747
1007005005749
1007005005751
1007005005753
1007005005756
1007005005757
1007005005764
1007005005766
1007005005805
1007005005821
1007005005937
1007005005938
1007005005940
1007005005942
1007005005944
1007005005946
1007005005955
1007005005979
1007005005981
1007005005983
1007005005985
1007005005988
1007005005990
1007005005992
1007005005994
1007005005996
1007005006035
1007005006037
1007005006078
1007005006080
1007005006081
1007005006083
1007005006084
1007005006091
1007005006110
1007005006115
1007005006117
1007005006120
1007005006130
1007005006179
1007005006180
1007005006182
1007005006184
1007005006186
1007005006188
1007005006191
1007005006212
1007005006213
1007005006215
1007005006220
1007005006226
1007005006228
1007005006242
1007005006244
1007005006250
1007005006256
1007005006258
1007005006260
1007005006262
1007005006264
1007005006266
1007005006273
1007005006274
1007005006275
1007005006277
1007005006280
1007005006318
1007005006418
1007005006420
1007005006422
1007005006424
1007005006426
1007005006428
1007005006429
1007005006432
1007005006434
1007005006437
1007005006439
1007005006441
1007005006443
1007005006445
1007005006447
1007005006449
1007005006451
1007005006453
1007005006455
1007005006457
1007005006459
1007005006462
1007005006464
1007005006466
1007005006468
1007005006469
1007005006470
1007005006471
1007005006473
1007005006475
1007005006477
1007005006478
1007005006481
1007005006494
1007005006496
1007005006498
1007005006499
1007005006500
1007005006501
1007005006502
1007005006503
1007005006504
1007005006505
1007005006506
1007005006507
1007005006508
1007005006509
1007005006510
1007005006511
1007005006512
1007005006514
1007005006516
1007005006518
1007005006519
1007005006520
1007005006521
1007005006522
1007005006523
1007005006524
1007005006525
1007005006526
1007005006527
1007005006528
1007005006529
1007005006530
1007005006531
1007005006532
1007005006533
1007005006535
1007005006537
1007005006545
1007005006546
1007005006547
1007005006548
1007005006550
1007005006551
1007005006553
1007005006555
1007005006556
1007005006558
1007005006560
1007005006562
1007005006564
1007005006566
1007005006568
1007005006570
1007005006573
1007005006575
1007005006576
1007005006578
1007005006580
1007005006582
1007005006584
1007005006586
1007005006588
1007005006590
1007005006592
1007005006607
1007005006609
1007005006611
1007005006613
1007005006615
1007005006617
1007005006619
1007005006621
1007005006623
1007005006625
1007005006627
1007005006644
1007005006653
1007005006658
1007005006697
1007005006699
1007005006708
1007005006710
1007005006712
1007005006714
1007005006716
1007005006718
1007005006720
1007005006723
1007005006727
1007005006729
1007005006731
1007005006733
1007005006734
1007005006736
1007005006738
1007005006741
1007005006746
1007005006748
1007005006752
1007005006767
1007005006780
1007005006783
1007005006785
1007005006787
1007005006793
1007005006795
1007005006797
1007005006807
1007005006858
1007005006860
1007005006863
1007005006884
1007005006886
1007005006906
1007005006908
1007005006910
1007005006917
1007005006919
1007005006921
1007005006923
1007005006925
1007005006927
1007005006945
1007005006986
1007005006990
1007005007024
1007005007026
1007005007028
1007005007030
1007005007033
1007005007034
1007005007036
1007005007038
1007005007040
1007005007041
1007005007043
1007005007045
1007005007047
1007005007049
1007005007051
1007005007069
1007005007180
1007005007183
1007005007185
1007005007187
1007005007189
1007005007190
1007005007192
1007005007194
1007005007196
1007005007198
1007005007224
1007005007226
1007005007327
1007005007330
1007005007332
1007005007334
1007005007342
1007005007344
1007005007346
1007005007348
1007005007350
1007005007388
1007005007390
1007005007398
1007005007404
1007005007416
1007005007418
1007005007420
1007005007510
1007005007512
1007005007513
1007005007516
1007005007518
1007005007520
1007005007522
1007005007524
1007005007533
1007005007535
1007005007537
1007005007539
1007005007541
1007005007548
1007005007550
1007005007552
1007005007554
1007005007581
1007005007583
1007005007585
1007005007587
1007005007590
1007005007639
1007005007642
1007005007644
1007005007646
1007005007648
1007005007650
1007005007652
1007005007654
1007005007656
1007005007674
1007005007679
1007005007807
1007005007809
1007005007818
1007005007820
1007005007830
1007005007981
1007005007988
1007005007992
1007005007993
1007005007994
1007005007996
1007005008002
1007005008003
1007005008005
1007005008007
1007005008011
1007005008013
1007005008015
1007005008020
1007005008024
1007005008028
1007005008035
1007005008043
1007005008045
1007005008057
1007005008059
1007005008060
1007005008083
1007005008085
1007005008087
1007005008089
1007005008091
1007005008104
1007005008180
1007005008182
1007005008190
1007005008192
1007005008194
1007005008196
1007005008198
1007005008200
1007005008202
1007005008212
1007005008221
1007005008223
1007005008224
1007005008226
1007005008228
1007005008230
1007005008232
1007005008235
1007005008236
1007005008238
1007005008241
1007005008242
1007005008243
1007005008245
1007005008248
1007005008249
1007005008251
1007005008275
1007005008282
1007005008288
1007005008290
1007005008291
1007005008340
1007005008401
1007005008404
1007005008406
1007005008408
1007005008410
1007005008415
1007005008417
1007005008425
1007005008426
1007005008427
1007005008429
1007005008430
1007005008432
1007005008434
1007005008436
1007005008438
1007005008439
1007005008440
1007005008441
1007005008442
1007005008443
1007005008450
1007005008452
1007005008454
1007005008461
1007005008479
1007005008481
1007005008483
1007005008501
1007005008503
1007005008506
1007005008516
1007005008535
1007005008593
1007005008595
1007005008597
1007005008598
1007005008600
1007005008602
1007005008604
1007005008627
1007005008629
1007005008631
1007005008633
1007005008670
1007005008710
1007005008794
1007005008798
1007005008800
1007005008802
1007005008804
1007005008805
1007005008807
1007005008821
1007005008827
1007005008829
1007005008846
1007005008848
1007005008850
1007005008873
1007005008875
1007005008878
1007005008911
1007005009145
1007005009146
1007005009148
1007005009150
1007005009152
1007005009154
1007005009156
1007005009158
1007005009160
1007005009162
1007005009164
1007005009165
1007005009167
1007005009169
1007005009171
1007005009214
1007005009286
1007005009290
1007005009292
1007005009298
1007005009303
1007005009305
1007005009307
1007005009308
1007005009310
1007005009311
1007005009312
1007005009313
1007005009314
1007005009315
1007005009316
1007005009317
1007005009319
1007005009321
1007005009325
1007005009326
1007005009327
1007005009346
1007005009360
1007005009381
1007005009408
1007005009411
1007005009444
1007005009446
1007005009448
1007005009454
1007005009455
1007005009458
1007005009476
1007005009491
1007005009493
1007005009494
1007005009496
1007005009498
1007005009512
1007005009513
1007005009520
1007005009522
1007005009524
1007005009526
1007005009564
1007005009580
1007005009582
1007005009665
1007005009669
1007005009671
1007005009673
1007005009676
1007005009677
1007005009679
1007005009681
1007005009683
1007005009693
1007005009695
1007005009697
1007005009699
1007005009701
1007005009702
1007005009703
1007005009705
1007005009707
1007005009709
1007005009711
1007005009724
1007005009748
1007005009754
1007005009756
1007005009758
1007005009759
1007005009760
1007005009773
1007005009775
1007005009777
1007005009779
1007005009784
1007005009786
1007005009793
1007005009795
1007005009863
1007005009865
1007005009867
1007005009870
1007005009872
1007005009874
1007005009879
1007005009891
1007005009898
1007005009901
1007005009903
1007005009905
1007005009907
1007005009908
1007005009911
1007005009914
1007005009953
1007005009971
1545008820534
1545008865498
1545008887258
1545008892439
1545008898632
1545008901540
1545008957428
1545008972235
1545008993592
1545008994778
1545009027154
1545009029032
1545009039465
1545009068398
1545009086761
1545009099414
1545009120770
1545009179121
1545009179926
1545009183505
1545009190886
1545009196918
1545009219859
1545009250797
1545009279035
1545009282051
1545009292138
1545009320504
1545009322035
1545009340759
1545009350064
1545009352536
1545009378480
1545009406922
1545009416767
1545009464842
1545009468946
1545009479673
1545009480887
1545009486866
1545009490798
1545009530701
1545009544759
1545009575913
1545009616922
1545009627938
1545009640211
1545009647292
1545009671508
1545009685971
1545009694046
1545009702811
1545613178466
1545613511109
10012004300122
10012004300123
10012004300124
10012004300125
10012004300126
10012004300127
10012004300128
10012005500100
10012005500101
10012005500107
10012005500108
10012005500109
10012005500110
10012005500112
10012005500113
10012005500114
10012005500115
10012005500116
10012005500117
10012005500118
10012005500119
10012005500129
10012005500130
10012005800111
10070019005244
10070019005266
10070019005346
10070019006030
10070019006178
10070019006206
10070019006322
10070019006412
10070019006534
10070019006629
10070019006702
10070019006881
10070019006948
10070019006964
10070019007436
10070019007579
10070019007603
10070019007625
10070019007637
10070019008239
10070019008306
10070019008377
10070019008385
10070019008407
10070019008421
10070019008455
10070019008491
10070019008904
10070019008986
10070019009022
10070019009030
10070019009062
10070019009093
10070019009097
10070019009101
10070019009242
10070019009278
10070019009280
10070019009354
10070019009450
10070019009615
10070019009751
10070019009883
10070019009949
10070019009957
10070020005255
10070020005268
10070020005272
10070020005274
10070020005285
10070020005297
10070020005340
10070020005351
10070020005475
10070020005619
10070020005726
10070020005735
10070020005750
10070020005791
10070020005849
10070020005910
10070020005959
10070020005969
10070020006013
10070020006016
10070020006039
10070020006052
10070020006111
10070020006208
10070020006292
10070020006301
10070020006308
10070020006330
10070020006484
10070020006513
10070020006569
10070020006675
10070020006678
10070020006682
10070020006696
10070020006885
10070020006888
10070020006897
10070020006899
10070020006901
10070020006912
10070020006929
10070020006939
10070020006941
10070020006953
10070020006955
10070020007009
10070020007015
10070020007031
10070020007042
10070020007052
10070020007057
10070020007060
10070020007062
10070020007577
10070020007615
10070020007633
10070020008149
10070020008153
10070020008166
10070020008168
10070020008206
10070020008208
10070020008285
10070020008302
10070020008310
10070020008387
10070020008392
10070020008403
10070020008405
10070020008409
10070020008453
10070020008457
10070020008496
10070020008508
10070020008518
10070020008525
10070020008871
10070020009077
10070020009081
10070020009083
10070020009089
10070020009091
10070020009095
10070020009102
10070020009104
10070020009108
10070020009109
10070020009263
10070020009266
10070020009274
10070020009276
10070020009294
10070020009329
10070020009336
10070020009429
10070020009434
10070020009442
10070020009466
10070020009505
10070020009755
10070020009921
10070022006300
10070023006177
10070023006265
10070023006269
10070023009106
10070024005172
10070024005185
10070024005186
10070024005187
10070024005188
10070024005190
10070024005192
10070024005193
10070024005194
10070024005195
10070024005197
10070024005203
10070024005205
10070024005207
10070024005209
10070024005211
10070024005215
10070024005216
10070024005217
10070024005219
10070024005222
10070024005226
10070024005232
10070024005234
10070024005240
10070024005242
10070024005252
10070024005253
10070024005275
10070024005323
10070024005327
10070024005332
10070024005337
10070024005339
10070024005342
10070024005344
10070024005345
10070024005348
10070024005349
10070024005350
10070024005353
10070024005359
10070024005362
10070024005363
10070024005365
10070024005366
10070024005372
10070024005383
10070024005385
10070024005386
10070024005387
10070024005389
10070024005393
10070024005394
10070024005399
10070024005400
10070024005401
10070024005406
10070024005408
10070024005409
10070024005422
10070024005424
10070024005426
10070024005427
10070024005429
10070024005436
10070024005439
10070024005441
10070024005448
10070024005454
10070024005460
10070024005473
10070024005478
10070024005485
10070024005487
10070024005489
10070024005490
10070024005491
10070024005495
10070024005505
10070024005511
10070024005513
10070024005516
10070024005518
10070024005519
10070024005520
10070024005527
10070024005529
10070024005531
10070024005532
10070024005534
10070024005535
10070024005537
10070024005539
10070024005549
10070024005557
10070024005559
10070024005561
10070024005562
10070024005563
10070024005564
10070024005565
10070024005567
10070024005569
10070024005579
10070024005581
10070024005582
10070024005583
10070024005584
10070024005585
10070024005587
10070024005589
10070024005591
10070024005595
10070024005600
10070024005609
10070024005610
10070024005611
10070024005612
10070024005617
10070024005618
10070024005620
10070024005626
10070024005629
10070024005639
10070024005640
10070024005643
10070024005646
10070024005658
10070024005671
10070024005678
10070024005680
10070024005681
10070024005688
10070024005691
10070024005694
10070024005696
10070024005703
10070024005707
10070024005709
10070024005728
10070024005729
10070024005730
10070024005742
10070024005744
10070024005752
10070024005758
10070024005762
10070024005770
10070024005776
10070024005778
10070024005780
10070024005783
10070024005785
10070024005786
10070024005787
10070024005788
10070024005789
10070024005793
10070024005803
10070024005804
10070024005813
10070024005815
10070024005816
10070024005818
10070024005829
10070024005831
10070024005832
10070024005833
10070024005836
10070024005846
10070024005851
10070024005859
10070024005863
10070024005865
10070024005867
10070024005874
10070024005875
10070024005884
10070024005885
10070024005887
10070024005896
10070024005898
10070024005914
10070024005919
10070024005920
10070024005922
10070024005928
10070024005929
10070024005930
10070024005931
10070024005933
10070024005935
10070024005943
10070024005949
10070024005951
10070024005957
10070024005961
10070024005962
10070024005963
10070024005978
10070024005982
10070024005984
10070024005989
10070024005991
10070024005997
10070024006010
10070024006011
10070024006014
10070024006020
10070024006022
10070024006028
10070024006036
10070024006041
10070024006050
10070024006053
10070024006062
10070024006063
10070024006066
10070024006068
10070024006070
10070024006082
10070024006086
10070024006092
10070024006094
10070024006096
10070024006097
10070024006098
10070024006109
10070024006113
10070024006114
10070024006116
10070024006118
10070024006119
10070024006122
10070024006124
10070024006127
10070024006128
10070024006129
10070024006132
10070024006136
10070024006137
10070024006138
10070024006139
10070024006140
10070024006141
10070024006142
10070024006143
10070024006144
10070024006151
10070024006163
10070024006165
10070024006166
10070024006168
10070024006169
10070024006171
10070024006176
10070024006194
10070024006195
10070024006204
10070024006224
10070024006231
10070024006241
10070024006243
10070024006245
10070024006252
10070024006263
10070024006268
10070024006279
10070024006284
10070024006286
10070024006288
10070024006290
10070024006293
10070024006296
10070024006298
10070024006302
10070024006305
10070024006307
10070024006309
10070024006310
10070024006311
10070024006312
10070024006315
10070024006317
10070024006319
10070024006320
10070024006321
10070024006323
10070024006325
10070024006327
10070024006329
10070024006331
10070024006333
10070024006337
10070024006340
10070024006342
10070024006343
10070024006345
10070024006346
10070024006347
10070024006348
10070024006349
10070024006350
10070024006351
10070024006352
10070024006353
10070024006354
10070024006356
10070024006358
10070024006360
10070024006362
10070024006371
10070024006373
10070024006375
10070024006377
10070024006380
10070024006384
10070024006386
10070024006388
10070024006390
10070024006401
10070024006403
10070024006425
10070024006427
10070024006436
10070024006440
10070024006448
10070024006450
10070024006452
10070024006454
10070024006456
10070024006458
10070024006460
10070024006461
10070024006472
10070024006474
10070024006476
10070024006479
10070024006480
10070024006488
10070024006552
10070024006563
10070024006571
10070024006572
10070024006579
10070024006581
10070024006589
10070024006591
10070024006593
10070024006596
10070024006597
10070024006608
10070024006610
10070024006612
10070024006614
10070024006616
10070024006622
10070024006628
10070024006630
10070024006631
10070024006633
10070024006639
10070024006641
10070024006646
10070024006647
10070024006654
10070024006655
10070024006660
10070024006662
10070024006664
10070024006666
10070024006667
10070024006680
10070024006683
10070024006688
10070024006701
10070024006704
10070024006706
10070024006717
10070024006719
10070024006728
10070024006730
10070024006732
10070024006735
10070024006737
10070024006739
10070024006740
10070024006742
10070024006744
10070024006745
10070024006747
10070024006751
10070024006755
10070024006757
10070024006758
10070024006759
10070024006761
10070024006763
10070024006764
10070024006765
10070024006768
10070024006769
10070024006771
10070024006773
10070024006774
10070024006775
10070024006776
10070024006777
10070024006782
10070024006784
10070024006786
10070024006788
10070024006796
10070024006799
10070024006801
10070024006809
10070024006810
10070024006812
10070024006813
10070024006815
10070024006817
10070024006820
10070024006822
10070024006828
10070024006829
10070024006831
10070024006833
10070024006835
10070024006836
10070024006837
10070024006838
10070024006840
10070024006842
10070024006845
10070024006855
10070024006857
10070024006859
10070024006861
10070024006862
10070024006864
10070024006865
10070024006867
10070024006869
10070024006877
10070024006883
10070024006887
10070024006890
10070024006895
10070024006898
10070024006900
10070024006902
10070024006903
10070024006913
10070024006914
10070024006916
10070024006918
10070024006920
10070024006922
10070024006924
10070024006928
10070024006930
10070024006931
10070024006932
10070024006933
10070024006942
10070024006943
10070024006944
10070024006949
10070024006950
10070024006956
10070024006957
10070024006958
10070024006960
10070024006963
10070024006966
10070024006967
10070024006976
10070024006983
10070024006988
10070024006989
10070024006991
10070024006998
10070024006999
10070024007000
10070024007001
10070024007002
10070024007003
10070024007005
10070024007027
10070024007050
10070024007053
10070024007055
10070024007056
10070024007059
10070024007061
10070024007063
10070024007064
10070024007066
10070024007068
10070024007071
10070024007073
10070024007074
10070024007075
10070024007076
10070024007078
10070024007084
10070024007085
10070024007087
10070024007089
10070024007092
10070024007095
10070024007097
10070024007099
10070024007101
10070024007103
10070024007106
10070024007108
10070024007115
10070024007116
10070024007118
10070024007120
10070024007121
10070024007122
10070024007123
10070024007124
10070024007125
10070024007126
10070024007127
10070024007141
10070024007143
10070024007144
10070024007145
10070024007146
10070024007147
10070024007149
10070024007151
10070024007152
10070024007153
10070024007154
10070024007155
10070024007157
10070024007158
10070024007159
10070024007160
10070024007169
10070024007171
10070024007173
10070024007177
10070024007182
10070024007184
10070024007188
10070024007195
10070024007199
10070024007200
10070024007202
10070024007203
10070024007206
10070024007207
10070024007209
10070024007210
10070024007211
10070024007212
10070024007213
10070024007225
10070024007228
10070024007229
10070024007230
10070024007231
10070024007237
10070024007240
10070024007242
10070024007244
10070024007248
10070024007249
10070024007250
10070024007251
10070024007254
10070024007255
10070024007256
10070024007257
10070024007258
10070024007269
10070024007270
10070024007272
10070024007274
10070024007279
10070024007292
10070024007294
10070024007296
10070024007298
10070024007305
10070024007307
10070024007308
10070024007309
10070024007310
10070024007320
10070024007322
10070024007324
10070024007329
10070024007339
10070024007341
10070024007345
10070024007347
10070024007352
10070024007354
10070024007356
10070024007358
10070024007361
10070024007364
10070024007365
10070024007366
10070024007367
10070024007368
10070024007369
10070024007370
10070024007371
10070024007372
10070024007376
10070024007384
10070024007387
10070024007391
10070024007393
10070024007395
10070024007397
10070024007399
10070024007400
10070024007401
10070024007402
10070024007406
10070024007421
10070024007422
10070024007423
10070024007424
10070024007425
10070024007426
10070024007428
10070024007434
10070024007438
10070024007439
10070024007441
10070024007443
10070024007444
10070024007445
10070024007446
10070024007447
10070024007449
10070024007467
10070024007468
10070024007469
10070024007471
10070024007472
10070024007478
10070024007480
10070024007481
10070024007483
10070024007485
10070024007489
10070024007491
10070024007493
10070024007496
10070024007498
10070024007500
10070024007507
10070024007514
10070024007525
10070024007527
10070024007532
10070024007536
10070024007544
10070024007546
10070024007547
10070024007549
10070024007551
10070024007555
10070024007556
10070024007558
10070024007559
10070024007560
10070024007561
10070024007564
10070024007569
10070024007570
10070024007572
10070024007574
10070024007575
10070024007578
10070024007584
10070024007586
10070024007588
10070024007596
10070024007598
10070024007600
10070024007602
10070024007604
10070024007605
10070024007606
10070024007622
10070024007624
10070024007627
10070024007634
10070024007635
10070024007636
10070024007638
10070024007643
10070024007645
10070024007647
10070024007659
10070024007661
10070024007663
10070024007664
10070024007666
10070024007667
10070024007669
10070024007682
10070024007684
10070024007685
10070024007686
10070024007687
10070024007688
10070024007690
10070024007692
10070024007694
10070024007702
10070024007704
10070024007706
10070024007707
10070024007708
10070024007709
10070024007710
10070024007720
10070024007721
10070024007723
10070024007725
10070024007727
10070024007729
10070024007731
10070024007733
10070024007735
10070024007736
10070024007738
10070024007740
10070024007742
10070024007744
10070024007749
10070024007751
10070024007753
10070024007755
10070024007757
10070024007761
10070024007762
10070024007763
10070024007764
10070024007765
10070024007766
10070024007768
10070024007771
10070024007773
10070024007775
10070024007776
10070024007777
10070024007778
10070024007779
10070024007780
10070024007781
10070024007782
10070024007783
10070024007784
10070024007785
10070024007786
10070024007787
10070024007788
10070024007792
10070024007794
10070024007796
10070024007797
10070024007799
10070024007800
10070024007801
10070024007802
10070024007803
10070024007805
10070024007808
10070024007810
10070024007814
10070024007815
10070024007816
10070024007817
10070024007819
10070024007822
10070024007823
10070024007824
10070024007825
10070024007827
10070024007829
10070024007831
10070024007832
10070024007834
10070024007836
10070024007840
10070024007844
10070024007847
10070024007848
10070024007849
10070024007851
10070024007852
10070024007853
10070024007857
10070024007859
10070024007864
10070024007871
10070024007877
10070024007879
10070024007880
10070024007881
10070024007882
10070024007883
10070024007885
10070024007887
10070024007888
10070024007889
10070024007890
10070024007891
10070024007894
10070024007899
10070024007902
10070024007905
10070024007907
10070024007910
10070024007911
10070024007912
10070024007920
10070024007921
10070024007922
10070024007924
10070024007926
10070024007927
10070024007929
10070024007930
10070024007931
10070024007933
10070024007934
10070024007938
10070024007939
10070024007941
10070024007942
10070024007945
10070024007947
10070024007948
10070024007950
10070024007951
10070024007952
10070024007954
10070024007955
10070024007956
10070024007957
10070024007958
10070024007960
10070024007964
10070024007974
10070024007976
10070024007977
10070024007978
10070024007985
10070024007987
10070024007990
10070024007991
10070024007998
10070024008001
10070024008004
10070024008009
10070024008014
10070024008016
10070024008017
10070024008021
10070024008023
10070024008027
10070024008029
10070024008037
10070024008046
10070024008047
10070024008049
10070024008051
10070024008052
10070024008053
10070024008054
10070024008056
10070024008058
10070024008061
10070024008062
10070024008063
10070024008065
10070024008069
10070024008074
10070024008076
10070024008077
10070024008078
10070024008080
10070024008082
10070024008092
10070024008094
10070024008095
10070024008096
10070024008097
10070024008098
10070024008100
10070024008102
10070024008107
10070024008109
10070024008114
10070024008116
10070024008119
10070024008121
10070024008122
10070024008123
10070024008124
10070024008125
10070024008126
10070024008127
10070024008129
10070024008134
10070024008136
10070024008137
10070024008139
10070024008142
10070024008143
10070024008144
10070024008145
10070024008147
10070024008151
10070024008155
10070024008159
10070024008162
10070024008169
10070024008171
10070024008184
10070024008186
10070024008197
10070024008199
10070024008201
10070024008203
10070024008214
10070024008215
10070024008217
10070024008218
10070024008220
10070024008227
10070024008233
10070024008234
10070024008244
10070024008253
10070024008254
10070024008255
10070024008256
10070024008258
10070024008259
10070024008260
10070024008262
10070024008263
10070024008265
10070024008266
10070024008267
10070024008269
10070024008270
10070024008279
10070024008283
10070024008284
10070024008287
10070024008292
10070024008293
10070024008294
10070024008295
10070024008297
10070024008298
10070024008299
10070024008300
10070024008301
10070024008304
10070024008308
10070024008311
10070024008313
10070024008315
10070024008317
10070024008318
10070024008319
10070024008320
10070024008322
10070024008325
10070024008330
10070024008332
10070024008334
10070024008335
10070024008336
10070024008337
10070024008339
10070024008341
10070024008343
10070024008344
10070024008347
10070024008349
10070024008351
10070024008352
10070024008353
10070024008354
10070024008355
10070024008356
10070024008357
10070024008359
10070024008360
10070024008361
10070024008362
10070024008363
10070024008365
10070024008367
10070024008369
10070024008370
10070024008372
10070024008373
10070024008374
10070024008375
10070024008378
10070024008379
10070024008381
10070024008383
10070024008384
10070024008386
10070024008390
10070024008394
10070024008396
10070024008397
10070024008400
10070024008416
10070024008418
10070024008419
10070024008420
10070024008422
10070024008424
10070024008433
10070024008435
10070024008444
10070024008446
10070024008447
10070024008448
10070024008449
10070024008451
10070024008456
10070024008463
10070024008464
10070024008465
10070024008466
10070024008467
10070024008468
10070024008469
10070024008470
10070024008472
10070024008474
10070024008475
10070024008476
10070024008477
10070024008486
10070024008488
10070024008489
10070024008490
10070024008493
10070024008495
10070024008497
10070024008498
10070024008499
10070024008502
10070024008504
10070024008510
10070024008513
10070024008515
10070024008517
10070024008519
10070024008520
10070024008521
10070024008522
10070024008527
10070024008528
10070024008529
10070024008530
10070024008532
10070024008537
10070024008539
10070024008546
10070024008548
10070024008549
10070024008552
10070024008553
10070024008558
10070024008561
10070024008564
10070024008568
10070024008574
10070024008580
10070024008581
10070024008582
10070024008583
10070024008588
10070024008590
10070024008591
10070024008596
10070024008599
10070024008603
10070024008607
10070024008608
10070024008611
10070024008614
10070024008616
10070024008617
10070024008618
10070024008622
10070024008632
10070024008635
10070024008638
10070024008643
10070024008645
10070024008648
10070024008650
10070024008651
10070024008653
10070024008667
10070024008668
10070024008669
10070024008671
10070024008674
10070024008675
10070024008683
10070024008686
10070024008687
10070024008689
10070024008691
10070024008692
10070024008693
10070024008694
10070024008695
10070024008697
10070024008698
10070024008700
10070024008703
10070024008712
10070024008713
10070024008714
10070024008715
10070024008716
10070024008720
10070024008721
10070024008723
10070024008724
10070024008725
10070024008726
10070024008727
10070024008729
10070024008733
10070024008734
10070024008736
10070024008738
10070024008739
10070024008741
10070024008743
10070024008744
10070024008746
10070024008747
10070024008749
10070024008750
10070024008751
10070024008752
10070024008755
10070024008762
10070024008764
10070024008766
10070024008767
10070024008769
10070024008775
10070024008776
10070024008777
10070024008778
10070024008782
10070024008786
10070024008788
10070024008792
10070024008803
10070024008806
10070024008808
10070024008809
10070024008811
10070024008814
10070024008815
10070024008816
10070024008817
10070024008819
10070024008822
10070024008823
10070024008825
10070024008830
10070024008831
10070024008832
10070024008836
10070024008838
10070024008840
10070024008841
10070024008845
10070024008847
10070024008849
10070024008851
10070024008853
10070024008854
10070024008856
10070024008858
10070024008859
10070024008860
10070024008861
10070024008862
10070024008863
10070024008864
10070024008865
10070024008866
10070024008867
10070024008868
10070024008869
10070024008870
10070024008874
10070024008876
10070024008877
10070024008880
10070024008883
10070024008885
10070024008886
10070024008887
10070024008889
10070024008891
10070024008893
10070024008895
10070024008898
10070024008900
10070024008902
10070024008907
10070024008909
10070024008913
10070024008915
10070024008916
10070024008917
10070024008920
10070024008923
10070024008927
10070024008931
10070024008932
10070024008937
10070024008938
10070024008940
10070024008941
10070024008945
10070024008948
10070024008950
10070024008951
10070024008952
10070024008953
10070024008954
10070024008957
10070024008960
10070024008961
10070024008966
10070024008969
10070024008970
10070024008979
10070024008981
10070024008983
10070024008985
10070024008987
10070024008988
10070024008993
10070024008995
10070024008996
10070024008998
10070024008999
10070024009000
10070024009003
10070024009005
10070024009006
10070024009009
10070024009010
10070024009012
10070024009016
10070024009018
10070024009020
10070024009031
10070024009034
10070024009035
10070024009036
10070024009038
10070024009039
10070024009040
10070024009041
10070024009043
10070024009054
10070024009056
10070024009058
10070024009059
10070024009061
10070024009069
10070024009071
10070024009072
10070024009074
10070024009076
10070024009078
10070024009079
10070024009080
10070024009094
10070024009111
10070024009113
10070024009114
10070024009115
10070024009117
10070024009118
10070024009119
10070024009120
10070024009122
10070024009124
10070024009130
10070024009132
10070024009133
10070024009135
10070024009138
10070024009140
10070024009142
10070024009151
10070024009153
10070024009155
10070024009157
10070024009166
10070024009170
10070024009173
10070024009176
10070024009177
10070024009179
10070024009180
10070024009181
10070024009182
10070024009183
10070024009184
10070024009185
10070024009187
10070024009188
10070024009191
10070024009194
10070024009196
10070024009198
10070024009200
10070024009203
10070024009207
10070024009208
10070024009209
10070024009210
10070024009211
10070024009212
10070024009215
10070024009216
10070024009217
10070024009218
10070024009219
10070024009220
10070024009221
10070024009222
10070024009223
10070024009224
10070024009225
10070024009226
10070024009228
10070024009232
10070024009237
10070024009239
10070024009241
10070024009244
10070024009245
10070024009249
10070024009251
10070024009253
10070024009257
10070024009260
10070024009261
10070024009262
10070024009264
10070024009267
10070024009268
10070024009275
10070024009279
10070024009281
10070024009283
10070024009289
10070024009295
10070024009297
10070024009300
10070024009304
10070024009306
10070024009322
10070024009328
10070024009330
10070024009331
10070024009338
10070024009339
10070024009340
10070024009342
10070024009344
10070024009348
10070024009349
10070024009350
10070024009351
10070024009357
10070024009359
10070024009361
10070024009362
10070024009363
10070024009364
10070024009365
10070024009367
10070024009372
10070024009374
10070024009375
10070024009378
10070024009380
10070024009384
10070024009385
10070024009386
10070024009387
10070024009394
10070024009395
10070024009396
10070024009397
10070024009398
10070024009399
10070024009405
10070024009409
10070024009413
10070024009414
10070024009415
10070024009416
10070024009417
10070024009418
10070024009419
10070024009420
10070024009425
10070024009426
10070024009427
10070024009428
10070024009430
10070024009431
10070024009435
10070024009436
10070024009437
10070024009445
10070024009447
10070024009449
10070024009451
10070024009453
10070024009462
10070024009463
10070024009464
10070024009465
10070024009467
10070024009469
10070024009475
10070024009478
10070024009480
10070024009482
10070024009484
10070024009485
10070024009486
10070024009488
10070024009497
10070024009500
10070024009502
10070024009506
10070024009523
10070024009527
10070024009528
10070024009529
10070024009530
10070024009532
10070024009537
10070024009539
10070024009544
10070024009546
10070024009547
10070024009548
10070024009549
10070024009551
10070024009553
10070024009555
10070024009556
10070024009557
10070024009558
10070024009566
10070024009568
10070024009570
10070024009571
10070024009573
10070024009575
10070024009577
10070024009584
10070024009586
10070024009590
10070024009592
10070024009593
10070024009594
10070024009595
10070024009597
10070024009599
10070024009601
10070024009602
10070024009610
10070024009612
10070024009613
10070024009614
10070024009616
10070024009618
10070024009625
10070024009627
10070024009631
10070024009633
10070024009637
10070024009639
10070024009641
10070024009643
10070024009645
10070024009647
10070024009659
10070024009664
10070024009668
10070024009670
10070024009675
10070024009678
10070024009680
10070024009696
10070024009704
10070024009706
10070024009708
10070024009713
10070024009715
10070024009718
10070024009720
10070024009721
10070024009722
10070024009726
10070024009728
10070024009730
10070024009734
10070024009735
10070024009737
10070024009738
10070024009739
10070024009740
10070024009741
10070024009745
10070024009747
10070024009750
10070024009753
10070024009761
10070024009762
10070024009764
10070024009770
10070024009772
10070024009781
10070024009788
10070024009791
10070024009792
10070024009794
10070024009796
10070024009797
10070024009799
10070024009801
10070024009805
10070024009808
10070024009809
10070024009810
10070024009811
10070024009812
10070024009813
10070024009814
10070024009815
10070024009816
10070024009817
10070024009818
10070024009819
10070024009820
10070024009821
10070024009827
10070024009829
10070024009831
10070024009833
10070024009834
10070024009837
10070024009838
10070024009839
10070024009841
10070024009843
10070024009845
10070024009849
10070024009851
10070024009852
10070024009853
10070024009854
10070024009855
10070024009861
10070024009862
10070024009864
10070024009866
10070024009868
10070024009869
10070024009871
10070024009873
10070024009875
10070024009877
10070024009885
10070024009886
10070024009893
10070024009895
10070024009897
10070024009904
10070024009912
10070024009913
10070024009915
10070024009919
10070024009922
10070024009923
10070024009926
10070024009928
10070024009929
10070024009931
10070024009933
10070024009935
10070024009937
10070024009938
10070024009941
10070024009943
10070024009945
10070024009946
10070024009947
10070024009948
10070024009950
10070024009955
10070024009958
10070024009960
10070024009962
10070024009965
10070024009967
10070024009976
10070024009977
10070024009978
10070024009979
10070024009980
10070024009982
10070024009984
10070024009990
